2
202
0
3
634
1
5
272
1
7
55
2
11
328
3
13
646
5
17
362
8
19
886
13
23
875
21
29
433
34
31
869
55
37
142
89
41
844
144
43
416
233
47
881
377
53
998
610
59
322
987
61
651
1597
67
21
2584
71
699
4181
73
557
6765
79
476
10946
83
892
17711
89
389
28657
97
75
46368
101
712
103
600
107
510
109
3
113
869
127
861
131
688
137
401
139
789
149
255
151
423
157
2
163
585
167
182
173
285
179
88
181
426
191
617
193
757
197
832
199
932
211
169
223
154
227
721
229
189
233
976
239
329
241
368
251
692
257
425
263
555
269
434
271
549
277
441
281
512
283
145
293
60
307
718
311
753
313
139
317
423
331
279
337
996
347
687
349
529
353
549
359
437
367
866
373
949
379
193
383
195
389
297
397
416
401
286
409
105
419
488
421
282
431
455
433
734
439
114
443
701
449
316
457
671
461
786
463
263
467
313
479
355
487
185
491
53
499
912
503
808
509
832
521
945
523
313
541
756
547
321
557
558
563
646
569
982
571
481
577
144
587
196
593
222
599
129
601
161
607
535
613
450
617
173
619
466
631
44
641
659
643
292
647
439
653
253
659
24
661
154
673
510
677
745
683
649
691
186
701
313
709
474
719
22
727
168
733
18
739
787
743
905
751
958
757
391
761
202
769
625
773
477
787
414
797
314
809
824
811
334
821
874
823
372
827
159
829
833
839
70
853
487
857
297
859
518
863
177
877
773
881
270
883
763
887
668
907
192
911
985
919
102
929
480
937
213
941
627
947
802
953
99
967
527
971
625
977
543
983
924
991
23
997
972
1009
61
1013
181
1019
3
1021
432
1031
505
1033
593
1039
725
1049
31
1051
492
1061
142
1063
222
1069
286
1087
64
1091
900
1093
187
1097
360
1103
413
1109
974
1117
270
1123
170
1129
235
1151
833
1153
711
1163
760
1171
896
1181
667
1187
285
1193
550
1201
140
1213
694
1217
695
1223
624
1229
19
1231
125
1237
576
1249
694
1259
658
1277
302
1279
371
1283
466
1289
678
1291
593
1297
851
1301
484
1303
18
1307
464
1319
119
1321
152
1327
800
1361
87
1367
60
1373
926
1381
10
1399
757
1409
170
1423
315
1427
576
1429
227
1433
43
1439
758
1447
164
1451
109
1453
882
1459
86
1471
565
1481
487
1483
577
1487
474
1489
625
1493
627
1499
629
1511
928
1523
423
1531
520
1543
902
1549
962
1553
123
1559
596
1567
737
1571
261
1579
195
1583
525
1597
264
1601
260
1607
202
1609
116
1613
30
1619
326
1621
11
1627
771
1637
411
1657
547
1663
153
1667
520
1669
790
1693
924
1697
188
1699
763
1709
940
1721
851
1723
662
1733
829
1741
900
1747
713
1753
958
1759
578
1777
365
1783
7
1787
477
1789
200
1801
58
1811
439
1823
303
1831
760
1847
357
1861
324
1867
477
1871
108
1873
113
1877
887
1879
801
1889
850
1901
460
1907
428
1913
993
1931
384
1933
405
1949
540
1951
111
1973
704
1979
835
1987
356
1993
72
1997
350
1999
823
2003
485
2011
556
2017
216
2027
626
2029
357
2039
526
2053
357
2063
337
2069
271
2081
869
2083
361
2087
896
2089
22
2099
617
2111
112
2113
717
2129
696
2131
585
2137
41
2141
423
2143
129
2153
229
2161
565
2179
559
2203
932
2207
296
2213
855
2221
53
2237
962
2239
584
2243
734
2251
654
2267
972
2269
457
2273
369
2281
532
2287
963
2293
607
2297
483
2309
911
2311
635
2333
67
2339
848
2341
675
2347
938
2351
223
2357
142
2371
754
2377
511
2381
741
2383
175
2389
459
2393
825
2399
221
2411
870
2417
626
2423
934
2437
205
2441
783
2447
850
2459
398
2467
279
2473
701
2477
193
2503
734
2521
637
2531
534
2539
556
2543
993
2549
176
2551
705
2557
962
2579
548
2591
881
2593
300
2609
413
2617
641
2621
855
2633
855
2647
142
2657
462
2659
611
2663
877
2671
424
2677
678
2683
752
2687
443
2689
296
2693
673
2699
40
2707
313
2711
875
2713
72
2719
818
2729
610
2731
17
2741
932
2749
112
2753
695
2767
169
2777
831
2789
40
2791
488
2797
685
2801
90
2803
497
2819
589
2833
990
2837
145
2843
353
2851
314
2857
651
2861
740
2879
44
2887
258
2897
335
2903
759
2909
192
2917
605
2927
264
2939
181
2953
503
2957
829
2963
775
2969
608
2971
292
2999
997
3001
549
3011
556
3019
561
3023
627
3037
467
3041
541
3049
129
3061
240
3067
813
3079
174
3083
601
3089
77
3109
215
3119
683
3121
213
3137
992
3163
824
3167
601
3169
392
3181
759
3187
670
3191
428
3203
27
3209
84
3217
75
3221
786
3229
498
3251
970
3253
287
3257
847
3259
604
3271
503
3299
221
3301
663
3307
706
3313
363
3319
10
3323
171
3329
489
3331
240
3343
164
3347
542
3359
619
3361
913
3371
591
3373
704
3389
818
3391
232
3407
750
3413
205
3433
975
3449
539
3457
303
3461
422
3463
98
3467
247
3469
584
3491
